converged SCF energy = -74.96444758277
CASCI E = -74.9656951100811  E(CI) = -1.6632227124623  S^2 = 0.0000000
gatefabric
----VQE-----
gatefabric
[-0.13818534  0.25244935  0.17591432 -0.23027158]
-74.96538380545627
[-0.13818533  0.25244935  0.17591432 -0.23027158]
-74.96538380574094
[-0.13818534  0.25244936  0.17591432 -0.23027158]
-74.96538380544487
[-0.13818534  0.25244935  0.17591433 -0.23027158]
-74.96538380573352
[-0.13818534  0.25244935  0.17591432 -0.23027157]
-74.96538380545626
[-0.11908229  0.25168355  0.19451955 -0.23027349]
-74.96568761201507
[-0.11908227  0.25168355  0.19451955 -0.23027349]
-74.96568761197463
[-0.11908229  0.25168356  0.19451955 -0.23027349]
-74.96568761202992
[-0.11908229  0.25168355  0.19451957 -0.23027349]
-74.96568761197369
[-0.11908229  0.25168355  0.19451955 -0.23027347]
-74.96568761202948
[-0.12141358  0.2525514   0.19213245 -0.22943002]
-74.96569506560445
[-0.12141356  0.2525514   0.19213245 -0.22943002]
-74.96569506560479
[-0.12141358  0.25255141  0.19213245 -0.22943002]
-74.96569506560715
[-0.12141358  0.2525514   0.19213246 -0.22943002]
-74.96569506560425
[-0.12141358  0.2525514   0.19213245 -0.22943   ]
-74.96569506560739
[-0.12139107  0.25274031  0.19211355 -0.22922238]
-74.9656951086182
[-0.12139106  0.25274031  0.19211355 -0.22922238]
-74.96569510861835
[-0.12139107  0.25274033  0.19211355 -0.22922238]
-74.96569510861855
[-0.12139107  0.25274031  0.19211357 -0.22922238]
-74.96569510861829
[-0.12139107  0.25274031  0.19211355 -0.22922236]
-74.9656951086187
[-0.12138049  0.25276894  0.19211941 -0.22918134]
-74.96569510999815
[-0.12138048  0.25276894  0.19211941 -0.22918134]
-74.96569510999824
[-0.12138049  0.25276896  0.19211941 -0.22918134]
-74.96569510999814
[-0.12138049  0.25276894  0.19211942 -0.22918134]
-74.96569510999842
[-0.12138049  0.25276894  0.19211941 -0.22918133]
-74.96569510999818
[-0.12137031  0.2527807   0.19214503 -0.22916231]
-74.96569510989485
[-0.1213703   0.2527807   0.19214503 -0.22916231]
-74.96569510989461
[-0.12137031  0.25278072  0.19214503 -0.22916231]
-74.96569510989478
[-0.12137031  0.2527807   0.19214504 -0.22916231]
-74.9656951098947
[-0.12137031  0.2527807   0.19214503 -0.22916229]
-74.96569510989471
[-0.12137656  0.25277349  0.19212931 -0.22917398]
-74.9656951100788
[-0.12137654  0.25277349  0.19212931 -0.22917398]
-74.96569511007894
[-0.12137656  0.2527735   0.19212931 -0.22917398]
-74.96569511007871
[-0.12137656  0.25277349  0.19212933 -0.22917398]
-74.96569511007884
[-0.12137656  0.25277349  0.19212931 -0.22917397]
-74.96569511007876
Optimization terminated successfully.
         Current function value: -74.965695
         Iterations: 5
         Function evaluations: 35
         Gradient evaluations: 7
CASCI E = -74.9656951100788  E(CI) = -1.66322271246004  S^2 = 0.0000000
time: 0.6994633674621582
VQE Energy,   CASCI Energy
-74.96569511007881 -74.96569511008107
